%test dobre shody s ocekavanym rozdelenim
x = [10, 0, 12, 10, 10, 10, 12, 12, 11, 10, 11, 12, 3, 7, 10, 9, 12, 0, 11, 0, 12, 12, 0, 11, 0, 0, 8, 11, 0, 10, 5, 12, 11, 9, 12, 10, 9, 12, 12, 12, 10, 11, 10, 10, 12, 11, 12, 11, 12, 9, 12, 10, 11, 0, 12, 12, 9, 5, 0, 12, 12, 12, 6, 11, 10, 11, 12, 10, 10, 8, 12, 11, 10, 11, 11, 9, 9, 12, 11, 12, 11, 12, 0, 12, 6, 10, 12, 11, 11, 12, 11, 10, 11, 10, 0, 10, 12, 12, 11, 10, 12, 11, 11, 12, 12, 10, 9, 10, 4, 12, 10, 0, 10, 11, 12, 10, 10, 12, 11, 12, 12, 9, 12, 10, 11, 12, 10, 10, 11, 11, 12, 10, 9, 11, 12, 10, 11, 10, 9, 12, 11, 12, 12, 12, 9, 11, 10, 9, 11, 11, 11, 12, 12, 10, 11, 0, 0, 9, 11, 12, 11, 10, 12, 0, 10, 12, 11, 11, 11, 11, 11, 10, 10, 9, 12, 10, 11, 12, 11, 10, 11, 12, 12, 10, 11, 12, 10, 11, 12, 12, 12, 11, 11, 12, 12, 12, 12, 11, 12, 11, 11, 11, 12, 11, 10, 12, 12, 12, 11, 9, 11, 10, 0, 9, 12, 12, 8, 12, 12, 0, 12, 12, 11, 12, 12, 10, 0, 11, 11, 11, 11, 12, 11, 11, 11, 12, 11, 10, 12, 11, 12, 12, 11, 10, 12, 9, 12, 12, 6, 12, 11, 11, 12, 12, 12, 11, 11, 10, 12, 12, 11, 12, 12, 10, 11, 12, 10, 12, 9, 12, 12, 11, 11, 12, 7, 12, 12, 11, 12, 12, 12, 12, 11, 12, 10, 12, 12, 10, 10, 11, 12, 10, 12, 12, 11, 11, 9, 12, 10, 12, 12, 10, 8, 12, 10, 12, 12, 11, 12, 11, 11, 12, 12, 12, 12, 12, 12, 11, 11, 12, 9, 10, 11, 12, 12, 10, 11, 12, 12, 12, 11, 12, 12, 12, 12, 11, 10, 10, 10, 12, 10, 11, 10, 10, 11, 10, 12, 12, 10, 12, 12, 12, 12, 12, 10, 12, 10, 11, 11, 12, 12, 10, 12, 12, 11, 9, 11, 10, 10, 12, 11, 11, 12, 11, 12, 9, 12, 12, 12, 9, 12, 12, 12, 12, 10, 11, 12, 12, 10, 11, 12, 11, 0, 11, 12, 12, 11, 12, 12, 11, 12, 12, 11, 11, 10, 6, 8, 12, 12, 11, 11, 12, 11, 10, 10, 12, 10, 9, 11, 12, 10, 11, 10, 10, 12, 12, 12, 12, 11, 12, 12, 11, 12, 12, 12, 10, 11, 11, 9, 11, 10, 12, 8, 10, 12, 12, 12, 12, 12, 12, 0, 12, 11, 11, 12, 12, 12, 12, 12, 9, 12, 12, 11, 12, 12, 12, 11, 10, 11, 11, 11, 12, 11, 9, 12, 11, 9, 10, 11, 10, 12, 11, 12, 12, 12, 12, 12, 12, 11, 11, 10, 9, 11, 10, 10, 11, 12, 12, 0, 12, 10, 12, 12, 10, 12, 11, 12, 12, 11, 12, 12, 10, 12, 11, 12, 12, 10, 0, 11, 11, 12, 11, 11, 10, 12, 12, 11, 10, 11, 11, 12, 10, 12, 10, 9, 11, 10, 9, 12, 12, 12, 11, 8, 11, 11, 12, 11, 12, 12, 11, 11, 11, 12, 12, 12, 11, 12, 8, 10, 11, 12, 12, 12, 12, 11, 6, 12, 11, 11, 11, 12, 11, 11, 11, 12, 11, 12, 11, 11, 12, 10, 12, 12, 11, 11, 12, 10, 10, 12, 12, 11, 12, 10, 11, 11];
list1 =  [3, 3, 3, 3, 3, 3, 3, 2, 3, 3, 3, 3, 3, 3, 3, 3, 3, 3, 3, 3, 3, 3, 3, 3, 3, 3, 1, 3, 3, 2, 3, 3, 3, 2, 3, 3, 3, 3, 3, 3, 3, 3, 3, 2, 3, 3, 3, 3, 3, 3, 3, 3, 3, 3, 3, 2, 2, 3, 3, 3, 2, 3, 3, 3, 3, 3, 2, 3, 2, 2, 3, 3, 2, 2, 3, 2, 3, 3, 3, 3, 2, 3, 3, 3, 3, 3, 3, 2, 3, 3, 3, 3, 2, 3, 3, 2, 2, 3, 3, 3, 3, 3, 3, 3, 3, 3, 3, 3, 2, 2, 3, 3, 2, 2, 3, 3, 3, 3, 2, 3, 2, 3, 3, 2, 2, 3, 2, 3, 3, 2, 2, 3, 3, 2, 2, 2, 2, 3, 3, 3, 3, 3, 3, 3, 3, 2, 2, 2, 3, 3, 3, 2, 3, 2, 3, 3, 3, 3, 3, 3, 3, 3, 3, 3, 3, 3, 3, 3, 3, 2, 3, 3, 3, 3, 3, 3, 3, 3, 3, 2, 3, 3, 3, 2, 3, 3, 2, 3, 3, 3, 3, 2, 3, 3, 3, 3, 3, 3, 3, 3, 3, 3, 3, 3, 3, 3, 2, 3, 3, 3, 3, 3, 2, 3, 3, 3, 3, 3, 3, 2, 0, 3, 3, 3, 3, 2, 3, 3, 2, 2, 3, 3, 3, 3, 2, 2, 3, 2, 1, 2, 3, 3, 3, 3, 3, 2, 3, 3, 3, 3, 3, 3, 3, 3, 3, 2, 3, 3, 3, 3, 3, 3, 3, 3, 3, 3, 3, 3, 3, 3, 3, 2, 3, 3, 2, 3, 3, 3, 3, 3, 3, 3, 3, 3, 3, 3, 3, 3, 3, 3, 3, 3, 3, 3, 3, 3, 3, 2, 3, 3, 3, 2, 3, 2, 3, 2, 3, 3, 3, 3, 3, 3, 3, 3, 3, 3, 3, 3, 3, 3, 3, 3, 3, 3, 3, 3, 3, 3, 3, 3, 3, 3, 3, 3, 2, 2, 3, 3, 2, 3, 3, 3, 3, 3, 3, 3, 3, 3, 3, 2, 3, 3, 3, 3, 3, 3, 3, 3, 3, 3, 3, 3, 3, 2, 2, 3, 2, 3, 3, 3, 3, 2, 3, 3, 3, 3, 3, 3, 3, 3, 3, 3, 3, 3, 3, 3, 3, 3, 3, 3, 3, 3, 3, 3, 3, 3, 2, 3, 3, 3, 3, 3, 3, 3, 3, 3, 3, 3, 3, 3, 3, 3, 3, 3, 2, 3, 3, 3, 3, 3, 3, 2, 3, 3, 3, 3, 2, 2, 3, 3, 3, 3, 3, 3, 2, 3, 3, 3, 3, 3, 3, 3, 2, 3, 2, 3, 3, 3, 3, 3, 3, 3, 3, 3, 3, 3, 3, 3, 3, 3, 3, 3, 3, 2, 3, 3, 3, 3, 3, 2, 3, 3, 3, 3, 3, 3, 3, 2, 3, 3, 3, 3, 3, 3, 3, 3, 3, 3, 2, 3, 3, 3, 3, 2, 3, 3, 3, 3, 3, 3, 3, 3, 3, 3, 3, 3, 3, 3, 3, 3, 3, 3, 3, 3, 2, 3, 2, 3, 3, 3, 3, 3, 2, 3, 3, 3, 3, 3, 3, 3, 3, 3, 3, 3, 3, 3, 3, 3, 3, 3, 3, 3, 3, 3, 2, 3, 3, 3, 3, 3, 3, 3, 3, 3, 3, 3, 3, 3, 3, 3, 3, 3, 3, 3, 3, 3, 2, 3, 3, 2, 3, 3, 3, 3, 3, 2, 3, 2, 3, 3, 3, 2, 3, 3, 3, 3, 3, 3, 3, 3, 2, 3, 3, 3, 2];
data = [3, 3, 3, 3, 3, 3, 3, 2, 3, 3, 3, 3, 3, 3, 3, 3, 3, 3, 3, 3, 3, 3, 3, 3, 3, 3, 1, 3, 3, 2, 3, 3, 3, 2, 3, 3, 3, 3, 3, 3, 3, 3, 3, 2, 3, 3, 3, 3, 3, 3, 3, 3, 3, 3, 3, 2, 2, 3, 3, 3, 2, 3, 3, 3, 3, 3, 2, 3, 2, 2, 3, 3, 2, 2, 3, 2, 3, 3, 3, 3, 2, 3, 3, 3, 3, 3, 3, 2, 3, 3, 3, 3, 2, 3, 3, 2, 2, 3, 3, 3, 3, 3, 3, 3, 3, 3, 3, 3, 2, 2, 3, 3, 2, 2, 3, 3, 3, 3, 2, 3, 2, 3, 3, 2, 2, 3, 2, 3, 3, 2, 2, 3, 3, 2, 2, 2, 2, 3, 3, 3, 3, 3, 3, 3, 3, 2, 2, 2, 3, 3, 3, 2, 3, 2, 3, 3, 3, 3, 3, 3, 3, 3, 3, 3, 3, 3, 3, 3, 3, 2, 3, 3, 3, 3, 3, 3, 3, 3, 3, 2, 3, 3, 3, 2, 3, 3, 2, 3, 3, 3, 3, 2, 3, 3, 3, 3, 3, 3, 3, 3, 3, 3, 3, 3, 3, 3, 2, 3, 3, 3, 3, 3, 2, 3, 3, 3, 3, 3, 3, 2, 0, 3, 3, 3, 3, 2, 3, 3, 2, 2, 3, 3, 3, 3, 2, 2, 3, 2, 1, 2, 3, 3, 3, 3, 3, 2, 3, 3, 3, 3, 3, 3, 3, 3, 3, 2, 3, 3, 3, 3, 3, 3, 3, 3, 3, 3, 3, 3, 3, 3, 3, 2, 3, 3, 2, 3, 3, 3, 3, 3, 3, 3, 3, 3, 3, 3, 3, 3, 3, 3, 3, 3, 3, 3, 3, 3, 3, 2, 3, 3, 3, 2, 3, 2, 3, 2, 3, 3, 3, 3, 3, 3, 3, 3, 3, 3, 3, 3, 3, 3, 3, 3, 3, 3, 3, 3, 3, 3, 3, 3, 3, 3, 3, 3, 2, 2, 3, 3, 2, 3, 3, 3, 3, 3, 3, 3, 3, 3, 3, 2, 3, 3, 3, 3, 3, 3, 3, 3, 3, 3, 3, 3, 3, 2, 2, 3, 2, 3, 3, 3, 3, 2, 3, 3, 3, 3, 3, 3, 3, 3, 3, 3, 3, 3, 3, 3, 3, 3, 3, 3, 3, 3, 3, 3, 3, 3, 2, 3, 3, 3, 3, 3, 3, 3, 3, 3, 3, 3, 3, 3, 3, 3, 3, 3, 2, 3, 3, 3, 3, 3, 3, 2, 3, 3, 3, 3, 2, 2, 3, 3, 3, 3, 3, 3, 2, 3, 3, 3, 3, 3, 3, 3, 2, 3, 2, 3, 3, 3, 3, 3, 3, 3, 3, 3, 3, 3, 3, 3, 3, 3, 3, 3, 3, 2, 3, 3, 3, 3, 3, 2, 3, 3, 3, 3, 3, 3, 3, 2, 3, 3, 3, 3, 3, 3, 3, 3, 3, 3, 2, 3, 3, 3, 3, 2, 3, 3, 3, 3, 3, 3, 3, 3, 3, 3, 3, 3, 3, 3, 3, 3, 3, 3, 3, 3, 2, 3, 2, 3, 3, 3, 3, 3, 2, 3, 3, 3, 3, 3, 3, 3, 3, 3, 3, 3, 3, 3, 3, 3, 3, 3, 3, 3, 3, 3, 2, 3, 3, 3, 3, 3, 3, 3, 3, 3, 3, 3, 3, 3, 3, 3, 3, 3, 3, 3, 3, 3, 2, 3, 3, 2, 3, 3, 3, 3, 3, 2, 3, 2, 3, 3, 3, 2, 3, 3, 3, 3, 3, 3, 3, 3, 2, 3, 3, 3, 2];
%[h,p,stats]=chi2gof(list1,'edges',[-0.5000,0.5000,1.5000,2.5000,3.5000],'cdf',{@normcdf,mean(x),std(x)})
